0.312243
 0.58034
       5
    -0.2
       0
0.287757 0.0196602 0.299604 0.993347 0
0.206772 0.0231113 0.215681 0.734188 1.87135
0.168979 0.0275528 0.176447 0.631101 0.73864
0.150234 0.0374395 0.166573 0.548081 2.31895
0.13604 0.0365495 0.160803 0.496129 0.430203
0.126487 0.0356482 0.146794 0.468451 1.47323
0.118043 0.0330041 0.135937 0.461863 0.396234
0.11375 0.0345495 0.131088 0.499631 1.9179
0.109831 0.0408471 0.126275 0.530132 0.144476
0.105892 0.0432504 0.11983 0.524649 0.451324
0.104151 0.0461635 0.114687 0.517275 0.704895
0.10096 0.0452195 0.110129 0.50026 3.16289
0.0970451 0.0561044 0.106461 0.525539 4.18759
0.0935358 0.0575346 0.109103 0.517352 2.73117
0.0905585 0.0599818 0.112502 0.512048 0.1585
0.0878888 0.0605108 0.113786 0.502282 0.901523
0.0858678 0.0588261 0.110627 0.487439 10.0017
0.0841719 0.0571715 0.107544 0.473862 1.94543
0.0819279 0.0558588 0.105348 0.462326 3.31119
0.079854 0.0548459 0.104252 0.45209 1.56082
0.0783467 0.0540696 0.105487 0.443075 2.03852
0.0767128 0.0589129 0.10424 0.444685 4.0627
0.0752137 0.0583143 0.102985 0.436922 3.24793
0.0737417 0.0575774 0.101171 0.429337 0.573481
0.0723039 0.057862 0.0994663 0.423921 0.227708
0.0709012 0.0605071 0.0976006 0.422515 3.40003
0.0698117 0.0604344 0.09642 0.417049 2.72242
0.0685587 0.0611162 0.0949335 0.412906 4.30686
0.0673668 0.0649349 0.0936665 0.413213 0.593167
0.0662357 0.0696251 0.0921035 0.414874 2.58364
0.0652266 0.0753894 0.0906059 0.417871 0.3887
0.0642025 0.0776973 0.0899815 0.415965 6.62344
0.0632981 0.0792005 0.0890365 0.413003 0.716523
0.0624335 0.0809636 0.089707 0.410445 6.80076
0.06154 0.0834112 0.0899756 0.408738 0.637048
0.0609045 0.084808 0.091867 0.405739 4.51669
0.0607274 0.0841106 0.0937391 0.400502 3.15266
0.0605686 0.0830649 0.0936024 0.395203 4.76586
0.0600179 0.0819935 0.0928023 0.39013 1.1394
0.0593392 0.0810325 0.0917464 0.385409 4.20688
0.0586113 0.0800773 0.0907188 0.380701 1.35033
0.0579955 0.0793071 0.0897333 0.376354 1.87993
0.057952 0.0790189 0.0897908 0.372803 1.96183
0.0577041 0.0791496 0.0893602 0.369873 0.966813
0.0573116 0.0797365 0.0889507 0.36755 0.379992
0.057173 0.0801563 0.089715 0.36507 1.30728
0.0571577 0.0825953 0.0915284 0.36516 0.755215
0.0575825 0.0862126 0.095979 0.366708 0.955496
0.0572828 0.0879961 0.09773 0.365626 3.2913
0.0576072 0.0894502 0.10278 0.364196 3.51591
0.0573635 0.0897764 0.105062 0.361434 2.49247
0.0568127 0.0893185 0.104226 0.358027 10.8169
0.0563242 0.0888315 0.10379 0.354708 0.839363
0.0558227 0.0883422 0.103183 0.35147 0.214152
0.055359 0.0875866 0.102509 0.34828 0.55478
0.0551903 0.0869348 0.103571 0.345171 1.55111
0.054898 0.0869739 0.10508 0.342688 2.27533
0.0548003 0.0866595 0.107769 0.339968 3.82723
0.0546067 0.0859268 0.108964 0.337108 1.10297
0.0544211 0.0852646 0.109183 0.334535 2.49075
0.0543095 0.0850382 0.109038 0.332639 0.652467
0.0543072 0.0847035 0.109242 0.330456 0.981529
0.0546837 0.0843153 0.110216 0.328115 0.245491
0.0549746 0.0841105 0.1101 0.325975 1.77497
0.0552945 0.0845339 0.109736 0.324402 0.368874
0.0559958 0.0850396 0.10991 0.322726 0.660184
0.0564481 0.0856363 0.109861 0.321048 0.466188
0.0563266 0.0869827 0.109244 0.320096 4.62073
0.0560388 0.0898058 0.109252 0.320319 0.496521
0.0556984 0.0925071 0.109597 0.320244 1.7976
0.0553145 0.0951343 0.110071 0.319921 0.242756
0.0549342 0.0974669 0.111172 0.319259 3.35773
0.0546279 0.0981969 0.110652 0.317377 2.08066
0.0542588 0.0992123 0.111058 0.315679 1.16884
0.0539551 0.100088 0.110766 0.31386 0.744519
0.0536334 0.101269 0.110543 0.312179 0.637755
0.0532948 0.103257 0.111073 0.310932 0.437806
0.0530174 0.105584 0.112163 0.309843 0.236999
0.052698 0.106333 0.111942 0.30798 2.46036
0.0523682 0.107068 0.111262 0.306115 0.609683
0.0526628 0.10679 0.112004 0.304425 4.2478
0.0524729 0.1065 0.111435 0.30271 4.21558
0.0521601 0.106701 0.110777 0.300881 0.977269
0.0518653 0.106792 0.11014 0.299091 0.310324
0.0515913 0.106811 0.1095 0.297335 1.44865
0.0513436 0.106721 0.108894 0.295626 2.32299
0.0511085 0.106137 0.108609 0.294387 4.286
0.050894 0.105537 0.108299 0.293241 0.626261
0.0508941 0.105064 0.111061 0.292906 4.28932
0.0507957 0.104627 0.112585 0.292433 1.03568
0.051548 0.10427 0.116851 0.292049 2.87615
0.051802 0.103969 0.118212 0.291532 2.7828
0.052483 0.103672 0.120408 0.290854 0.640623
0.0531888 0.103303 0.122838 0.289879 7.04766
0.0538167 0.102803 0.124568 0.288577 0.768777
0.0539459 0.102312 0.124511 0.28725 2.94283
0.0543584 0.101784 0.124624 0.285804 1.91011
0.0546997 0.101272 0.124666 0.284345 4.86312
0.0551509 0.100765 0.124839 0.282908 0.00296198
0.0548878 0.10028 0.124846 0.281493 10.6364
0.0550602 0.0997973 0.124234 0.280098 4.79
0.0554981 0.0993116 0.124031 0.278722 3.73819
0.0557248 0.0989553 0.123537 0.277426 1.09123
0.0555304 0.0985963 0.12346 0.276107 3.18604
0.0556354 0.0982348 0.122947 0.274807 1.86349
0.0557917 0.097845 0.12244 0.273514 2.10895
0.0558194 0.0973964 0.121995 0.272238 1.0605
0.0557721 0.0969495 0.121535 0.270979 1.30274
0.0558916 0.0965434 0.121002 0.269737 1.28955
0.0558773 0.0961232 0.120649 0.268509 0.850033
0.0558212 0.0957574 0.120384 0.2673 0.333294
0.0556601 0.0953806 0.120265 0.266104 1.38276
0.0554253 0.0950878 0.121084 0.264929 1.19795
0.05519 0.094749 0.121219 0.263768 3.41302
0.0550367 0.0943843 0.120762 0.262622 2.17881
0.0548296 0.0939892 0.122804 0.261636 7.8282
0.0546971 0.093598 0.123125 0.260766 3.72909
0.0545588 0.0932426 0.123291 0.259962 1.38087
0.0544011 0.0929113 0.123493 0.259203 0.0129081
0.0542629 0.0926083 0.12323 0.258356 1.86559
0.0541319 0.0924985 0.122903 0.257714 0.769145
0.0539924 0.0924809 0.122589 0.257146 0.286014
0.0538254 0.0924512 0.122316 0.256538 0.103999
0.0536085 0.0925154 0.123297 0.256471 6.44298
0.0535149 0.0923497 0.125243 0.256169 1.76679
0.0533031 0.0921312 0.124997 0.255306 6.15936
0.0534663 0.0919308 0.125644 0.254537 3.82141
0.053501 0.0917121 0.125398 0.253587 2.3387
0.0533817 0.0914813 0.124951 0.252618 0.904255
0.0533674 0.0913896 0.12469 0.25179 2.02736
0.0531918 0.0915342 0.124226 0.251054 1.13204
0.0530066 0.0915761 0.123871 0.250159 6.65489
0.0528077 0.0915145 0.123442 0.249236 0.455397
0.052613 0.0915992 0.122994 0.248385 1.78774
0.0524326 0.091848 0.122641 0.247571 0.353672
0.0523217 0.0919202 0.122504 0.246666 3.01991
0.052136 0.0922751 0.122186 0.245838 2.7163
0.0519609 0.092503 0.121868 0.244981 3.23279
0.0517798 0.0925284 0.12145 0.244101 0.855724
0.051658 0.0929799 0.121026 0.243446 10.0909
0.0515315 0.0932322 0.120604 0.242687 0.774731
0.0513546 0.0934216 0.120286 0.241831 3.19539
0.0512153 0.093327 0.1199 0.241042 1.37197
0.0510618 0.0930782 0.119561 0.240487 5.68222
0.0508923 0.0927643 0.119402 0.240248 1.82451
0.0507179 0.092475 0.119124 0.239762 2.16173
0.0505512 0.09216 0.118878 0.239533 0.633608
0.0503801 0.0918486 0.118519 0.239099 1.31348
0.0502316 0.0915399 0.118125 0.238577 0.748785
0.0500999 0.0912343 0.117733 0.237917 0.376783
0.0502 0.0909325 0.117457 0.237192 1.80227
0.0504182 0.0906754 0.117351 0.236474 2.34916
0.0507472 0.0904571 0.117269 0.235853 0.162941
0.0510049 0.0902096 0.117102 0.235191 1.76829
0.0509703 0.0899562 0.116752 0.234519 1.86898
0.0510097 0.0896955 0.116439 0.23388 2.58243
0.0510928 0.0894239 0.116142 0.233239 0.160892
0.0511492 0.0891609 0.115829 0.23269 0.936566
0.0512154 0.0890544 0.11548 0.232558 1.86897
0.0513093 0.0890923 0.115123 0.23275 1.07188
0.0512412 0.0892084 0.114794 0.233058 0.677654
0.0512261 0.0896491 0.11448 0.233952 4.12758
0.0510863 0.0904174 0.114401 0.23528 0.582329
0.0509582 0.0910275 0.114359 0.235668 5.65344
0.0509908 0.0912027 0.114055 0.235469 3.4056
0.0509955 0.0913275 0.113773 0.23514 1.02019
0.0508443 0.0915104 0.113808 0.234841 1.68601
0.0506928 0.0914968 0.113899 0.234164 2.31998
0.0506772 0.0915428 0.114531 0.233507 1.10568
0.0507821 0.091547 0.115289 0.232839 1.49413
0.0506514 0.0914404 0.11531 0.232157 2.11595
0.0505985 0.0914393 0.115587 0.231502 4.47562
0.0504536 0.0915644 0.115549 0.230896 2.74645
0.0503182 0.0917623 0.115592 0.230358 0.106812
0.0501767 0.0919929 0.115582 0.229835 0.125123
0.0500665 0.0922668 0.115739 0.229474 3.50974
0.0500577 0.0923356 0.115418 0.228935 3.52749
0.0500548 0.0924412 0.115108 0.228403 0.218965
0.0503158 0.0924589 0.114809 0.227815 0.746151
0.0505604 0.0924253 0.114505 0.227195 0.462491
0.0510472 0.0923199 0.11428 0.226567 0.363065
0.0514638 0.0921523 0.114028 0.225948 2.81905
0.0524166 0.0919288 0.114056 0.225376 0.864865
0.053476 0.091776 0.113974 0.224785 2.02173
0.0540272 0.0916167 0.113681 0.224208 1.2828
0.0544315 0.0915367 0.113386 0.223737 1.74378
0.0548697 0.0913455 0.113084 0.223172 1.91147
0.0551555 0.0911103 0.112796 0.222584 4.62937
0.0551467 0.0908886 0.112763 0.221995 0.721012
0.0551617 0.0906753 0.112746 0.221435 1.47771
0.0550788 0.0904417 0.112917 0.220863 1.11675
0.0549579 0.0902059 0.113188 0.220293 1.37004
0.0549175 0.089972 0.114615 0.219722 2.10587
0.0549295 0.0897425 0.116481 0.219289 7.14846
0.0547897 0.0895182 0.116901 0.21877 2.62753
0.0546639 0.0893197 0.117517 0.218211 3.39594
0.0545489 0.0891334 0.117573 0.217659 1.16752
0.0544278 0.088932 0.117811 0.217148 2.40893
0.0543103 0.088937 0.117844 0.216614 6.12126
0.0541843 0.0887989 0.11876 0.216205 3.18848
0.0540572 0.0886593 0.119685 0.215815 0.080297
0.0539391 0.0885969 0.120453 0.215286 2.07093
0.0538272 0.0886191 0.121172 0.214755 0.510379
0.0537015 0.0886298 0.121643 0.214239 5.00517
0.0535882 0.0885008 0.122412 0.213725 2.27053
0.0534779 0.0884549 0.122962 0.213225 1.06278
0.0533819 0.0885786 0.122827 0.212816 1.75036
0.0532535 0.0885537 0.123223 0.212306 2.05835
0.053144 0.0884794 0.123395 0.211811 0.847005
0.0530531 0.0884686 0.123425 0.211306 0.968692
0.053313 0.0884252 0.123133 0.210805 2.50755
0.0536116 0.0885377 0.122854 0.210397 2.42398
0.0536531 0.088642 0.122642 0.209956 0.472914
0.0535815 0.0886174 0.122837 0.209471 1.78366
0.05369 0.0885768 0.122695 0.208991 0.911111
0.0537173 0.0884298 0.123012 0.208752 3.20753
0.0537126 0.0882352 0.126403 0.208707 3.60022
0.0538549 0.0880326 0.130984 0.208973 1.03953
0.0537936 0.0878324 0.133798 0.209224 1.50728
0.0537503 0.0876326 0.136316 0.209202 1.06038
0.0546486 0.0874341 0.14292 0.209192 3.30143
0.0555197 0.0872373 0.148279 0.208956 3.55507
0.0563395 0.0870416 0.152904 0.208732 0.360939
0.0570197 0.086857 0.156237 0.208342 3.81749
0.0581032 0.0866897 0.160178 0.207929 0.532675
0.0589537 0.0865328 0.16293 0.207484 2.79864
0.0590364 0.0863628 0.163469 0.207036 4.13412
0.0591163 0.0862101 0.163702 0.206598 2.88201
0.0589879 0.0860788 0.163361 0.206198 2.20394
0.0588914 0.0859291 0.16321 0.20575 1.34188
0.0587641 0.0857565 0.162915 0.205306 0.904473
0.0586484 0.0855715 0.162803 0.20493 1.48983
0.0585329 0.0854081 0.162671 0.204507 1.94301
0.0584299 0.0852625 0.162569 0.204072 0.503828
0.0583803 0.0851658 0.162649 0.203638 0.8093
0.0582935 0.0850433 0.162697 0.203221 2.55856
0.0582444 0.0848637 0.16298 0.202911 4.12003
0.0582133 0.0846931 0.163174 0.202513 1.80133
0.0581674 0.0845177 0.163322 0.202133 0.156611
0.0580491 0.0843414 0.163137 0.201767 2.85177
0.0580218 0.0841679 0.16336 0.201391 0.7747
0.0581016 0.0840296 0.163796 0.200977 5.4931
0.0580722 0.0838811 0.163912 0.200572 0.693678
0.0579764 0.0837523 0.163591 0.200177 5.64506
0.0579206 0.0836049 0.163302 0.199773 0.352802
0.0578131 0.0834756 0.162983 0.199367 1.65863
0.0577188 0.0834485 0.162866 0.198988 2.54791
0.0576708 0.0835137 0.162728 0.198718 4.11761
0.0577518 0.0836195 0.162847 0.19845 0.405412
0.0577038 0.0837179 0.162726 0.198135 3.32003
0.0576691 0.0836949 0.162655 0.197757 1.65005
0.057575 0.0836671 0.162357 0.19741 2.23081
0.0574681 0.0835901 0.162046 0.197034 0.580978
0.0573923 0.0835114 0.161849 0.196648 0.248007
0.057281 0.0833676 0.161567 0.196277 2.16889
0.0571783 0.0832161 0.161271 0.195897 2.21856
0.0571946 0.0830542 0.161128 0.195549 2.63328
0.057183 0.0828931 0.160845 0.195221 1.18664
0.0571234 0.0827361 0.160534 0.194875 0.645214
0.0571063 0.0826317 0.160272 0.194504 4.13505
0.0570943 0.0825257 0.159994 0.194132 0.00889009
0.0571919 0.0824002 0.159851 0.193761 0.763347
0.057277 0.0822447 0.159645 0.193414 1.33202
0.0573332 0.0820887 0.159364 0.193091 0.196614
0.0574409 0.0819449 0.159081 0.192837 0.679402
0.0576369 0.0817942 0.159 0.192507 4.00606
0.0579592 0.0816842 0.15895 0.192268 1.6166
0.058494 0.081593 0.159181 0.192023 0.559185
0.0587223 0.0814945 0.15908 0.191746 4.88479
0.0589217 0.0813619 0.158887 0.191424 1.10362
0.0589214 0.0812255 0.158596 0.191094 3.96794
0.0588861 0.0812187 0.158307 0.190949 5.24383
0.0587889 0.0812312 0.158088 0.190819 1.52665
0.0586955 0.0812434 0.158011 0.190716 5.85716
0.0585967 0.0812766 0.158228 0.190645 1.62478
0.0584915 0.0811685 0.158224 0.190362 3.90556
0.0583969 0.0810222 0.158051 0.190018 2.79734
0.0583033 0.0808777 0.157778 0.189676 5.39802
0.0581989 0.0807517 0.157596 0.189394 1.38429
0.0581279 0.0807088 0.157638 0.189292 2.77996
0.0580313 0.0806164 0.15754 0.189087 1.09676
0.0579294 0.0805436 0.15726 0.188895 4.125
0.0578329 0.080546 0.157011 0.18884 0.500693
0.057734 0.0804873 0.156735 0.188646 3.05342
0.0576585 0.0804004 0.15647 0.188392 0.465609
0.057642 0.080299 0.156273 0.188104 1.11192
0.0575441 0.0803473 0.156012 0.188087 2.52912
0.0574441 0.0804305 0.155808 0.188118 0.259895
0.0573515 0.080443 0.155638 0.188046 1.37931
0.0572568 0.0806069 0.155514 0.188203 4.46547
0.0571585 0.080521 0.15527 0.187949 4.83219
0.0570606 0.0804375 0.155025 0.187712 0.464421
0.0569633 0.0804135 0.154791 0.187573 0.503707
0.0568663 0.0804399 0.154586 0.187518 0.393699
0.0567703 0.0806304 0.154407 0.187708 1.23634
0.0566822 0.0808558 0.15452 0.187936 2.53948
0.0566495 0.081221 0.154932 0.188446 0.288783
0.0566771 0.0814447 0.15566 0.188715 4.03044
0.0566313 0.0817078 0.156087 0.188985 1.70831
0.0566177 0.0820288 0.156684 0.189352 0.350569
0.0566596 0.0823587 0.15738 0.189766 0.158719
0.0568909 0.0825619 0.15863 0.190021 6.38136
0.057109 0.0824861 0.159447 0.189825 5.03139
0.0573651 0.0824285 0.160278 0.189685 0.890251
0.0579536 0.0824886 0.161683 0.189882 0.494563
0.0582629 0.0825116 0.162247 0.189955 6.93277
0.0584824 0.0825265 0.16258 0.189975 0.620438
0.0587471 0.0825417 0.162832 0.190032 1.03867
0.0588293 0.0826347 0.162832 0.190136 3.52603
0.0588775 0.082677 0.162718 0.19013 1.9052
0.0588033 0.0827559 0.162472 0.190068 3.49806
0.0587554 0.0828102 0.162259 0.189975 1.25603
0.0589213 0.0829208 0.162261 0.190106 3.2064
0.0591538 0.0829849 0.162292 0.190155 1.82907
0.0595824 0.0829537 0.162406 0.190082 3.1476
0.0601511 0.0828824 0.162694 0.189906 1.92427
0.0607096 0.0827606 0.162851 0.189632 0.741237
0.0611987 0.0826462 0.162793 0.189414 2.62786
0.0618094 0.0825173 0.162738 0.189131 1.87617
0.0625391 0.0824072 0.162776 0.188838 1.7673
0.0628555 0.0823247 0.16258 0.188602 4.00182
0.0630422 0.0822457 0.162331 0.188352 2.74376
0.0632619 0.0823074 0.162082 0.188273 1.88296
0.0635445 0.0826158 0.161859 0.188629 3.75444
0.0638675 0.0827843 0.161651 0.188643 0.936014
0.0640904 0.082902 0.161403 0.188464 2.93809
0.0643863 0.0828852 0.161165 0.188176 0.700893
0.0647207 0.0828671 0.160939 0.187889 0.264397
0.064804 0.0831234 0.160708 0.187818 1.9548
0.064818 0.0833045 0.1605 0.187638 4.55157
0.0647709 0.0832582 0.160315 0.187366 5.40967
0.0647171 0.0832659 0.160101 0.187092 2.03761
0.0646391 0.0831725 0.159902 0.186856 2.16814
0.0645506 0.0831367 0.159702 0.186577 2.29496
0.0644566 0.0832171 0.159521 0.186354 0.493412
0.0643865 0.0834123 0.159292 0.186226 5.1765
0.0642915 0.0837796 0.159113 0.186305 1.44904
0.0641998 0.0839033 0.158972 0.186055 7.90824
0.0641233 0.0839782 0.158867 0.185783 0.512667
0.0640697 0.0841007 0.15876 0.185536 1.69787
0.0640406 0.0843461 0.158672 0.185357 0.183898
0.0640156 0.0847429 0.158531 0.185339 0.705252
0.0639279 0.0848266 0.158325 0.185069 2.36363
0.0638373 0.0848715 0.158131 0.184824 1.69027
0.0637517 0.0848501 0.157957 0.184651 0.271445
0.0636609 0.0848359 0.157789 0.184512 3.95316
0.0635736 0.0851336 0.15762 0.184259 2.98588
0.0634847 0.0855983 0.157413 0.184105 1.12842
0.0634079 0.0865609 0.157205 0.184358 1.28398
0.0633349 0.087879 0.156991 0.184891 4.9365
0.0632619 0.087928 0.156769 0.184762 14.9412
0.0631804 0.0878911 0.156568 0.184834 1.54492
0.0631075 0.087899 0.156364 0.184799 0.710229
0.0630214 0.0878991 0.156182 0.184748 2.4248
0.0629665 0.0878453 0.155979 0.184833 1.38118
0.0628944 0.0877773 0.155789 0.184897 1.89974
0.0628661 0.0876592 0.155596 0.185618 1.93277
0.0629042 0.0875437 0.155392 0.185687 6.62083
0.0629759 0.0874263 0.155182 0.185986 0.28272
0.0630466 0.087317 0.154967 0.186386 1.94718
0.0630405 0.0872462 0.154788 0.186958 1.16439
0.0630656 0.0871986 0.154592 0.187465 0.952613
0.0630082 0.0870953 0.154404 0.187275 5.66645
0.0629583 0.0870047 0.154193 0.187021 3.53797
0.0628727 0.0869663 0.153984 0.18678 2.19024
0.0627878 0.0869027 0.153838 0.186526 1.75524
0.0627041 0.0868206 0.153665 0.18628 0.671046
0.0626191 0.0867365 0.153542 0.186042 0.916395
0.0625355 0.0866274 0.153449 0.186003 2.133
0.062453 0.0865122 0.153308 0.185863 1.96069
0.0623735 0.0864573 0.153114 0.185615 3.21998
0.0622907 0.0863973 0.152911 0.185375 3.48091
0.062289 0.0862878 0.152725 0.185135 5.36039
0.0623117 0.0861799 0.152553 0.184892 0.309976
0.0622521 0.0860808 0.15235 0.184646 2.67413
0.0622057 0.0859922 0.152151 0.184401 1.85711
0.0621604 0.0858812 0.151949 0.184165 0.360869
0.0620838 0.0857677 0.151811 0.183972 1.32514
0.0620023 0.0856568 0.151716 0.183749 0.609448
0.0619289 0.0855498 0.15187 0.183624 6.37585
0.0618593 0.0854891 0.152102 0.183622 0.581418
0.061811 0.0854487 0.152525 0.183654 0.214325
0.0617868 0.08537 0.152983 0.18357 0.528195
0.0618025 0.0852927 0.153151 0.18341 11.1106
0.0618274 0.0851831 0.153212 0.183172 2.06083
0.0618321 0.0850785 0.153047 0.182944 3.53431
0.0617586 0.0850194 0.152869 0.182764 4.40954
0.061679 0.0849865 0.152835 0.182617 0.492789
0.0616317 0.0849641 0.15303 0.182459 1.39425
0.0615808 0.0849259 0.153156 0.182272 1.42283
0.0615038 0.0848181 0.153089 0.182045 5.80472
0.0614255 0.0847111 0.152936 0.181822 1.01299
0.0613528 0.084639 0.152754 0.181646 1.25697
0.0612808 0.0845706 0.15256 0.181477 1.99794
0.061205 0.0844917 0.152389 0.181295 1.11713
0.0611463 0.0844267 0.152325 0.181127 1.68554
0.0610989 0.0843875 0.152286 0.180987 0.0548033
0.0610257 0.0843833 0.152144 0.18087 5.17093
0.0609492 0.0843629 0.151983 0.180725 0.517237
0.0608737 0.0843432 0.151901 0.180576 2.24075
0.0608263 0.0842502 0.151994 0.180365 2.60738
0.0607774 0.0841601 0.152131 0.180161 2.74488
0.0607241 0.084059 0.152288 0.179938 1.75544
0.0606518 0.0839573 0.152216 0.179715 1.7847
0.0605849 0.0838942 0.152068 0.179523 3.10076
0.0605258 0.083865 0.151884 0.179358 7.15066
0.0604615 0.0838399 0.151698 0.179185 0.0642518
0.0604214 0.083785 0.151567 0.178992 8.29483
0.0603971 0.0837028 0.151461 0.178779 0.331494
0.0603755 0.0836189 0.151333 0.178565 0.237804
0.0603835 0.0835172 0.15124 0.178352 0.805081
0.0604452 0.0834157 0.151305 0.178136 0.776538
0.0605353 0.0833172 0.151393 0.177921 0.106021
0.0606152 0.0832179 0.151296 0.177707 2.90983
0.0606852 0.0831691 0.15117 0.177515 1.55311
0.0608321 0.0831344 0.151076 0.17733 2.14023
0.0609899 0.0830733 0.150975 0.177126 0.21595
0.0611354 0.0830008 0.150838 0.176915 1.13231
0.0615434 0.0829043 0.150835 0.176706 3.81109
0.0619537 0.0828059 0.150791 0.176507 0.612709
0.0621962 0.0827095 0.150649 0.176313 2.00421
0.0623631 0.0826116 0.150513 0.176128 8.95011
0.0626247 0.0825143 0.15041 0.175951 0.443271
0.0628263 0.0824198 0.150274 0.175795 2.30826
0.0629472 0.0823227 0.150106 0.175629 0.905668
0.0630026 0.0822297 0.149948 0.175552 0.936103
0.0629828 0.0821498 0.14985 0.175589 1.22699
0.0629551 0.0821034 0.149817 0.175807 3.20186
0.0629139 0.0821031 0.149816 0.176191 0.0540984
0.0629252 0.0820866 0.149643 0.176306 4.76496
0.0629532 0.0821199 0.14947 0.176506 0.107125
0.0630738 0.082146 0.149344 0.176565 1.84488
0.0630708 0.0820813 0.149174 0.176472 4.23307
0.0630467 0.0820546 0.149005 0.176439 5.55104
0.062988 0.0820127 0.148835 0.176388 1.02912
0.0629169 0.0820203 0.148693 0.176488 1.52916
0.062851 0.0820502 0.148537 0.176609 0.293748
0.0627816 0.0821608 0.148536 0.177114 2.57653
0.0627116 0.0822239 0.148469 0.177453 2.12855
0.0626573 0.0822186 0.148306 0.177478 5.78573
0.0626033 0.0822073 0.148143 0.177484 0.0884351
0.0625782 0.0821972 0.147979 0.177439 1.63772
0.062531 0.0825022 0.147812 0.177948 4.47406
0.0625254 0.0826857 0.14774 0.178002 6.38805
0.0626339 0.0827747 0.147779 0.177899 3.0944
0.0626776 0.0829015 0.14768 0.177898 4.38362
0.0626619 0.0829717 0.147539 0.177835 1.34788
0.0627095 0.0829891 0.147528 0.177652 1.84322
0.0628493 0.0830251 0.147594 0.177471 0.600219
0.0631132 0.0830223 0.147901 0.17728 1.43431
0.0634167 0.083099 0.14821 0.177087 0.655667
0.0636856 0.0831533 0.148394 0.176894 4.40797
0.0637574 0.0832297 0.148376 0.176717 5.96654
0.0638936 0.083328 0.148388 0.176552 1.68514
0.0639746 0.0833895 0.148338 0.176374 0.747565
0.0639853 0.0836502 0.148185 0.176543 5.85975
0.0639234 0.0837416 0.148033 0.176521 3.49778
0.0638601 0.0837942 0.147871 0.176391 2.86194
0.0637922 0.0837705 0.147724 0.176211 1.30255
0.0637255 0.0837394 0.147581 0.176037 0.467484
0.0636799 0.0836506 0.147469 0.175859 1.59799
0.0636445 0.0835618 0.147365 0.175674 0.070804
0.0636093 0.0834869 0.147259 0.175557 1.34781
0.0635861 0.0834205 0.147172 0.175416 0.559625
0.0635444 0.0833334 0.147053 0.175227 0.57486
0.0634994 0.0832536 0.146915 0.175048 0.272678
0.0634331 0.0831734 0.146758 0.174907 1.65609
0.0634083 0.0831214 0.146664 0.175036 7.86475
0.0633977 0.0830559 0.146581 0.17514 0.282162
0.0633727 0.0829944 0.146435 0.175104 6.5286
0.0633346 0.0830839 0.146279 0.175511 2.11609
0.0633052 0.0832065 0.146125 0.175958 0.587587
0.0633845 0.0831215 0.146027 0.175819 7.99263
0.0634653 0.0830374 0.145891 0.175642 2.16273
0.0635328 0.0829523 0.145747 0.175465 0.542046
0.0636209 0.0828679 0.145607 0.1753 0.21129
0.0637031 0.0828172 0.145472 0.175152 3.97542
0.0638107 0.0828158 0.145337 0.175086 1.40745
0.0638568 0.0827394 0.145186 0.174904 1.95026
0.0639038 0.0826822 0.145035 0.174752 0.620903
0.0639229 0.0827066 0.144885 0.174702 2.03101
0.0639898 0.0827424 0.144736 0.174633 2.65124
0.0639879 0.0827793 0.144592 0.174533 0.854344
0.0639958 0.0826974 0.144444 0.174656 9.74485
0.0640836 0.082619 0.144309 0.175111 2.73657
0.0641607 0.0825511 0.144167 0.175701 0.17478
0.0641727 0.0824987 0.144019 0.176449 1.01619
0.0641667 0.0824141 0.143888 0.176467 6.67373
0.0641606 0.0823474 0.14375 0.176359 2.00473
0.0641154 0.0822663 0.143645 0.176324 4.04767
0.0640701 0.0821979 0.143529 0.176236 0.652323
0.0640139 0.0821167 0.143441 0.176199 2.68535
0.06396 0.0820536 0.143333 0.176091 0.960552
0.0638965 0.0819706 0.143265 0.176147 6.49225
0.0639271 0.0819676 0.143521 0.176713 5.74342
0.0639755 0.0819407 0.143772 0.177025 1.44895
0.0639171 0.0818681 0.143725 0.177098 4.85499
0.0638572 0.081795 0.143676 0.177066 2.06103
0.0637934 0.081734 0.143592 0.177089 0.535286
